8
1
5
9
2
6
0
4
7
3
10
2
7
4
0
6
3
8
1
5
9
10
6
0
9
3
7
1
5
8
2
4
10
1
5
8
2
4
0
7
3
9
6
10
5
9
2
7
0
4
8
1
6
3
10
0
4
7
1
3
8
2
5
9
6
10
4
8
1
6
9
2
5
0
3
7
10
9
2
6
0
3
7
1
4
8
5
10
3
7
0
5
8
1
4
9
2
6
10
7
1
5
9
2
6
0
3
8
4
10
1
6
0
4
8
2
5
9
3
7
10
5
9
3
7
0
4
8
2
6
1
10
0
4
8
2
6
1
5
9
3
7
10
4
8
2
5
9
3
7
0
1
6
10
8
2
6
0
4
9
1
5
7
3
10
2
7
1
5
9
3
8
0
4
6
10
6
0
4
9
1
5
7
3
8
2
10
1
5
9
3
7
0
4
8
2
6
10
5
0
8
4
2
6
1
7
3
9
10
9
3
7
0
5
1
6
2
8
4
10
3
8
2
6
0
4
9
1
5
7
10
7
1
5
9
3
8
0
4
2
6
10
2
6
0
4
8
1
5
9
7
3
10
6
0
4
7
1
5
8
2
9
3
10
0
5
9
2
6
0
3
7
1
4
8
10
4
9
3
7
1
5
8
2
6
0
10
8
2
6
0
4
9
1
5
7
3
10
3
7
1
5
8
2
6
0
4
9
10
7
1
4
8
2
5
9
3
6
0
10