5
2
9
0
7
3
10
1
6
4
8
0
6
3
1
8
5
9
2
7
4
10
3
7
1
8
4
0
6
9
2
5
10
9
2
6
4
0
7
3
1
8
5
10
1
8
5
2
7
4
0
6
9
3
10
6
4
0
7
3
9
5
2
8
1
10
2
9
7
3
0
6
4
8
1
5
10
7
1
4
0
8
5
2
9
6
3
10
4
0
8
5
2
9
6
3
1
7
10
0
5
2
9
7
3
1
8
4
6
10
5
3
1
8
4
0
7
2
9
6
10
8
1
6
4
9
2
5
0
7
3
10
2
7
0
5
1
8
3
6
9
4
10
7
4
9
2
6
0
5
1
8
3
10
3
0
5
1
8
4
9
7
2
6
10
9
6
2
7
3
0
4
8
1
5
10
1
5
8
3
0
6
2
9
4
7
10
4
8
0
6
9
3
7
2
5
1
10
0
7
3
9
5
1
6
2
8
4
10
5
2
7
1
8
4
0
6
3
9
10
8
4
1
6
2
9
5
0
7
3
10
3
9
5
0
7
2
8
1
4
6
10
6
0
4
8
1
5
9
7
3
2
10
2
7
9
4
0
6
3
8
5
1
10
7
3
0
5
1
8
4
9
2
6
10
1
6
4
9
2
5
0
3
7
8
10
5
8
2
7
3
0
6
1
4
9
10
0
4
7
1
9
6
2
5
8
3
10