10
1
6
3
8
0
5
9
2
7
4
2
9
5
0
7
4
1
6
3
8
10
7
3
0
8
1
6
4
9
2
5
10
4
8
2
5
9
0
7
1
3
6
10
9
1
7
3
6
0
2
5
8
4
10
0
5
4
8
2
7
1
3
6
9
10
6
2
9
1
5
0
8
4
7
3
10
1
7
3
0
4
9
5
8
2
6
10
5
0
6
2
8
4
9
1
7
3
10
3
9
1
7
4
0
6
2
5
8
10
8
4
0
6
2
7
3
5
9
1
10
2
6
5
9
1
3
8
0
4
7
10
7
1
8
4
0
5
2
6
9
3
10
0
6
2
5
8
3
7
9
1
4
10
4
8
1
9
3
7
0
2
5
6
10
9
5
7
2
6
0
4
8
1
3
10
3
0
4
8
1
5
9
7
2
6
10
6
2
0
5
9
3
7
1
4
8
10
1
7
9
3
6
0
2
8
5
4
10
5
3
8
1
4
7
0
6
9
2
10
0
9
4
7
2
5
1
3
8
6
10
4
1
6
0
8
2
5
9
3
7
10
8
5
2
7
0
3
9
1
6
4
10
2
7
0
4
9
1
6
3
5
8
10
7
4
9
1
5
8
0
2
6
3
10
1
8
3
6
0
2
7
4
9
5
10
6
0
5
2
9
4
8
7
1
3
10
3
9
7
0
4
8
1
5
2
6
10
8
2
6
4
0
7
3
1
5
9
10
5
1
0
8
3
6
2
7
4
9
10