3
8
1
5
0
9
2
7
6
4
10
6
1
9
4
0
7
3
2
8
5
10
2
7
5
1
8
3
0
9
6
4
10
9
3
6
0
4
8
1
5
2
7
10
0
4
7
2
5
9
3
6
1
8
10
1
6
8
3
7
0
4
9
2
5
10
5
0
2
8
1
6
9
3
7
4
10
8
2
4
0
5
1
7
3
9
6
10
7
1
3
9
2
5
0
6
4
8
10
4
9
1
6
3
7
2
0
8
5
10
2
5
8
0
7
4
1
6
9
3
10
6
0
9
5
2
8
4
1
7
3
10
3
7
0
4
8
1
5
9
2
6
10
9
5
2
7
0
3
8
4
6
1
10
1
4
6
2
9
5
0
8
3
7
10
5
8
3
0
6
2
9
1
7
4
10
0
3
7
1
4
9
2
6
0
8
5
10
4
9
2
5
8
0
3
7
1
6
10
8
1
5
7
3
6
0
2
9
4
10
2
6
0
3
9
1
4
7
5
8
10
7
4
8
1
5
0
6
3
2
9
10
0
5
1
9
4
7
3
8
6
2
10
3
8
6
2
0
5
1
7
4
9
10
6
2
9
4
7
0
5
1
8
3
10
1
7
4
8
2
6
0
5
9
3
10
5
0
3
6
9
2
7
4
1
8
10
8
4
0
7
1
5
9
2
6
3
10
2
9
7
3
0
6
4
8
1
5
10
7
3
1
5
8
2
6
0
4
9
10
4
0
8
2
6
9
3
5
7
1
10